Webots Project File version R2021b
perspectives: 000000ff00000000fd0000000200000001000002b40000026dfc0200000001fb0000001400540065007800740045006400690074006f0072010000001a0000026d0000008700ffffff00000003000007810000017dfc0100000001fb0000001a0043006f006e0073006f006c00650041006c006c0041006c006c0100000000000007810000006900ffffff000004cb0000026d00000001000000020000000100000008fc00000000
simulationViewPerspectives: 000000ff000000010000000200000118000003070100000002010000000100
sceneTreePerspectives: 000000ff00000001000000020000010e000000fc0100000002010000000200
maximizedDockId: -1
centralWidgetVisible: 1
orthographicViewHeight: 1
textFiles: 0 "controllers/main/your_controller.py"
consoles: Console:All:All
renderingDevicePerspectives: tesla:console;1;1;0;0
renderingDevicePerspectives: tesla:speedometer;0;1;0.507341;0.110053
