Webots Project File version R2021b
perspectives: 000000ff00000000fd00000002000000010000011c000003ecfc0200000001fb0000001400540065007800740045006400690074006f0072010000001a000003ec0000004100ffffff0000000300000781000000d9fc0100000001fb0000001a0043006f006e0073006f006c00650041006c006c0041006c006c0300000107000002a800000781000000d900000663000003ec00000001000000020000000100000008fc00000000
simulationViewPerspectives: 000000ff000000010000000200000101000005620100000002010000000100
sceneTreePerspectives: 000000ff0000000100000002000000c0000000fa0100000002010000000200
maximizedDockId: -1
centralWidgetVisible: 1
orthographicViewHeight: 1
textFiles: -1
consoles: Console:All:All
renderingDevicePerspectives: tesla:console;1;1;0.172965;0.0201058
renderingDevicePerspectives: tesla:speedometer;1;1;0.00799366;0.0201058
